   (Name)  (ID) (TOTAL) (PERCENTILE) 
---------------------------------------------------------------
1::pavan      2644      281       95
2::Chester      2656      253       90
3::sai      2643      250       85
4::Owen      2655      234       80
5::Brad      2652      230       75
6::geetha      2645      223       70
7::Eddy      2648      223       65
8::Kristian      2657      223       60
9::Lyndon      2660      211       55
10::Samantha      2658      207       50
11::ajith      2642      196       45
12::Ryan      2649      194       40
13::Lana      2647      186       35
14::Maria      2659      178       30
15::Alina      2654      173       25
16::akash      2641      170       20
17::Miller      2653      149       15
18::Bruce      2651      125       10
19::Myra      2650      95       5
20::afrose      2646      58       0
